1.505134368275000015e+05 -9.657568345087229333e-02 -7.316089233519022794e-02 7.808535459987292482e-02
1.505134468075000041e+05 -8.245259591968027990e-02 -7.282605174398804060e-02 7.475378320841932767e-02
1.505134568164999946e+05 -7.030304909887126474e-02 -7.319597041457275022e-02 7.223978325997107430e-02
1.505134667964999971e+05 -6.023544865883755789e-02 -7.418324677647775145e-02 7.050529254771049914e-02
1.505134768055000168e+05 -5.209908226037526097e-02 -7.564772221120016904e-02 6.914121836032813273e-02
1.505134867855000193e+05 -4.562235797067037274e-02 -7.772647392285100820e-02 6.783266343411362143e-02
1.505134967944999808e+05 -4.013473979049984181e-02 -8.021456001955494519e-02 6.650798586821311809e-02
1.505135067744999833e+05 -3.516148932774778441e-02 -8.242121733783625004e-02 6.523397433357924768e-02
1.505135167835000029e+05 -3.061051345131369020e-02 -8.400390158264871288e-02 6.410638330619908287e-02
1.505135267935000011e+05 -2.662630496132519647e-02 -8.475131123659131183e-02 6.322363971715100339e-02
1.505135367724999960e+05 -2.338833190390030708e-02 -8.480880765439305358e-02 6.262241847832182573e-02
1.505135467825000233e+05 -2.099981752067329663e-02 -8.464753058417752440e-02 6.228235189724694310e-02
1.505135567615000182e+05 -1.971272156207381013e-02 -8.482028094167423649e-02 6.215565203949119377e-02
1.505135667715000163e+05 -1.937191277818894192e-02 -8.555930191162954002e-02 6.206330427823414375e-02
1.505135767505000113e+05 -1.960593189809086562e-02 -8.647612268193358154e-02 6.207379032728585488e-02
1.505135867605000094e+05 -2.025423202281599264e-02 -8.746915464059829004e-02 6.212322519050616360e-02
1.505135967395000043e+05 -2.120043168678439546e-02 -8.888705829389052793e-02 6.216237567123744645e-02
1.505136067495000025e+05 -2.246865260285459479e-02 -9.132350258043063496e-02 6.235740042869432342e-02
1.505136167284999974e+05 -2.381664986133605333e-02 -9.475788087786721214e-02 6.272723460954461594e-02
1.505136267384999956e+05 -2.496173752007289567e-02 -9.875914577718773735e-02 6.325762807616841510e-02
1.505136367485000228e+05 -2.576984774530845929e-02 -1.033837142835102307e-01 6.390809281397701047e-02
1.505136467275000177e+05 -2.644298578284188378e-02 -1.082317519265779820e-01 6.449779573234214192e-02
1.505136567375000159e+05 -2.733622905054911359e-02 -1.128749306462528135e-01 6.513753023293741840e-02
1.505136667164999817e+05 -2.855616508373218232e-02 -1.166599609060307019e-01 6.615609074866705963e-02
1.505136767265000090e+05 -3.004887050820697833e-02 -1.195981886245270076e-01 6.728468058683120812e-02
1.505136867055000039e+05 -3.177087143987969431e-02 -1.223697905782705209e-01 6.834444245553865371e-02
1.505136967155000020e+05 -3.344107299985372289e-02 -1.255416795547869835e-01 6.937444441199989986e-02
1.505137066944999970e+05 -3.473386375601835580e-02 -1.291176007000784665e-01 7.042058971352679886e-02
1.505137167044999951e+05 -3.562127407592988182e-02 -1.332721856715177178e-01 7.149948973129321983e-02
1.505137266835000191e+05 -3.630200651421246899e-02 -1.382633903571803269e-01 7.247424581594953674e-02
1.505137366935000173e+05 -3.669174017748098870e-02 -1.436511585741677699e-01 7.321830900127861141e-02
1.505137467035000154e+05 -3.679618126537881340e-02 -1.488406812560981729e-01 7.373481951442341364e-02
1.505137566825000104e+05 -3.624696997358458489e-02 -1.528317648588504718e-01 7.399915020318519054e-02
1.505137666925000085e+05 -3.510000494083393568e-02 -1.554025582182834708e-01 7.389621644571756076e-02
1.505137766715000034e+05 -3.353788662876572291e-02 -1.566618321989943219e-01 7.343292279721520821e-02
1.505137866815000016e+05 -3.178254395222850776e-02 -1.570648948042025483e-01 7.284985131782878431e-02
1.505137966604999965e+05 -3.031611525424210071e-02 -1.570433749169472815e-01 7.228996606940743530e-02
1.505138066704999947e+05 -2.914840133976834627e-02 -1.567965545762483592e-01 7.178666534145829170e-02
1.505138166495000187e+05 -2.841304371638980406e-02 -1.564341928481736699e-01 7.153210615512614612e-02
1.505138266595000168e+05 -2.821913740965659168e-02 -1.561728814578809132e-01 7.142264350208890611e-02
1.505138366385000118e+05 -2.845222744412766527e-02 -1.560281145421143489e-01 7.134992841294553190e-02
1.505138466484999808e+05 -2.897983288088106998e-02 -1.558639942279055335e-01 7.135715789755263383e-02
1.505138566585000081e+05 -2.957041629135068878e-02 -1.553793195125565685e-01 7.134229783043953554e-02
1.505138666375000030e+05 -3.000986790507224888e-02 -1.542318449626322030e-01 7.135269080076907244e-02
1.505138766475000011e+05 -3.043066389513614939e-02 -1.526006314766980010e-01 7.137743618674299850e-02
1.505138866264999961e+05 -3.090625232446415904e-02 -1.507044133307575418e-01 7.132910123526139956e-02
1.505138966365000233e+05 -3.139907426514509242e-02 -1.490186233832469787e-01 7.123962312417260467e-02
1.505139066155000182e+05 -3.173528729650523794e-02 -1.474958698734509521e-01 7.111362326399878198e-02
1.505139166255000164e+05 -3.166362735575145582e-02 -1.455450325792574107e-01 7.095578874759315979e-02
1.505139266045000113e+05 -3.111093165063612276e-02 -1.429219054899248664e-01 7.070791526480982303e-02
1.505139366145000095e+05 -3.008595522652049437e-02 -1.387189992992158560e-01 7.041437769466135643e-02
1.505139465935000044e+05 -2.861474184223556511e-02 -1.330729918921396693e-01 7.008646283266140031e-02
1.505139566035000025e+05 -2.675235411046898021e-02 -1.267990313734955188e-01 6.980599989225826085e-02
1.505139666125000222e+05 -2.478793605528813171e-02 -1.207570649397128604e-01 6.934846409495096231e-02
1.505139765924999956e+05 -2.276092592405811951e-02 -1.156623283820248510e-01 6.867808804196472161e-02
1.505139866025000229e+05 -2.060590419501394724e-02 -1.115368786574788690e-01 6.773537720086945935e-02
1.505139965815000178e+05 -1.785785532981281828e-02 -1.074236737949076093e-01 6.658495852760917821e-02
1.505140065915000159e+05 -1.410397385826318156e-02 -1.026198796791160661e-01 6.524479139240468850e-02
1.505140165704999818e+05 -9.616133055860228568e-03 -9.741930506832821579e-02 6.346843976957673716e-02
1.505140265805000090e+05 -4.318930532403865256e-03 -9.200493056225655941e-02 6.131128386574657974e-02
1.505140365595000039e+05 1.965411383239799078e-03 -8.667887888322874101e-02 5.883664862569910892e-02
1.505140465695000021e+05 9.342945474776379738e-03 -8.160131661841060757e-02 5.595350279224034495e-02
1.505140565484999970e+05 1.797664914058910712e-02 -7.750825677733387542e-02 5.275336730956544512e-02
1.505140665584999952e+05 2.814824923255173500e-02 -7.432917515629337835e-02 4.937157651340799702e-02
1.505140765674999857e+05 4.017980248811780369e-02 -7.162189167923181665e-02 4.547222461168758112e-02
1.505140865475000173e+05 5.447706710308263672e-02 -6.945356493416927901e-02 4.071466474840354510e-02
1.505140965565000079e+05 7.134630308871293958e-02 -6.724677140616260040e-02 3.514823933276588208e-02
1.505141065365000104e+05 9.026161128573922943e-02 -6.413647977521888532e-02 2.940164391270133973e-02
1.505141165455000009e+05 1.104812257404578085e-01 -5.958419509833839250e-02 2.397173704626941182e-02
1.505141265255000035e+05 1.310500607050690824e-01 -5.407269928011897153e-02 1.909100194198556227e-02
1.505141365345000231e+05 1.511899976859753247e-01 -4.827358688783130874e-02 1.479293387206292651e-02
1.505141465144999966e+05 1.699684540469020011e-01 -4.312304231932705123e-02 1.120650386305099659e-02
1.505141565235000162e+05 1.866398176642240225e-01 -3.910693631433868195e-02 8.243267317374033606e-03
1.505141664772500226e+05 2.004801451276877755e-01 -3.607170699863401081e-02 5.925458455559756352e-03
1.505141764862500131e+05 2.113637410742208178e-01 -3.359853161268373106e-02 4.161100561376728998e-03
1.505141864962500113e+05 2.192117159924534542e-01 -3.193491572608868345e-02 2.835918845831977581e-03
1.505141964752500062e+05 2.241553437482264044e-01 -3.143668429984236568e-02 1.934618320179652467e-03
1.505142064852500043e+05 2.265312695748719074e-01 -3.208201091399185551e-02 1.650126072103098905e-03
1.505142164642499993e+05 2.262899510835497952e-01 -3.348261269499273191e-02 2.289705074536677130e-03
1.505142264742499974e+05 2.235189538654672736e-01 -3.564714185525893336e-02 3.442973152138681207e-03
1.505142364532500214e+05 2.187690549387510952e-01 -3.808289551135067563e-02 4.808439374916114069e-03
1.505142464632500196e+05 2.123175083841685462e-01 -4.086854797194766631e-02 6.362476349706239383e-03
1.505142564422500145e+05 2.045936477423699607e-01 -4.430004106547159870e-02 8.119573225042380285e-03
1.505142664522500127e+05 1.962580712653847481e-01 -4.821374519930045344e-02 9.999197630623166133e-03
1.505142764312500076e+05 1.880581835589502371e-01 -5.206849824158533979e-02 1.179369172659503612e-02
1.505142864412500057e+05 1.805631881589261079e-01 -5.529711716601169724e-02 1.348560718488312632e-02
1.505142964512500039e+05 1.740171818628450107e-01 -5.740675699795307063e-02 1.498368399474724402e-02
1.505143064302499988e+05 1.683582988106832323e-01 -5.837817446126617599e-02 1.615351328667935862e-02
1.505143164402499970e+05 1.632920123823417002e-01 -5.823199252949694954e-02 1.708617026383403917e-02
1.505143264192500210e+05 1.588233051529836792e-01 -5.715190490317161726e-02 1.788820232243168093e-02
1.505143364292500191e+05 1.548155415581143612e-01 -5.587030810567871625e-02 1.862889451838529303e-02
1.505143464082500141e+05 1.513322256082059170e-01 -5.498643301767491137e-02 1.940007907396590001e-02
1.505143564182500122e+05 1.482965941942997745e-01 -5.456078980469607209e-02 2.017699534005073375e-02
1.505143663972500071e+05 1.456546030380179158e-01 -5.420781953142079362e-02 2.100655744822126775e-02
1.505143764072500053e+05 1.433092670097667054e-01 -5.364745802011298276e-02 2.181196103292885879e-02
1.505143863862500002e+05 1.411460028236888598e-01 -5.307098740278268223e-02 2.259049743289598400e-02
1.505143963962499984e+05 1.391257059589935396e-01 -5.264252461127783694e-02 2.334918448388198509e-02
1.505144064062499965e+05 1.370581155958980057e-01 -5.242458116981336957e-02 2.412353613864326798e-02
1.505144163852500205e+05 1.348460415427435444e-01 -5.230977322474038294e-02 2.498440248184499723e-02
1.505144263952500187e+05 1.323822269842142296e-01 -5.181144692638971205e-02 2.609612564245418834e-02
1.505144363742500136e+05 1.296895081765058189e-01 -5.104760821295797196e-02 2.734254513307360704e-02
1.505144463842500118e+05 1.267175468993312348e-01 -5.033349463077268354e-02 2.849555171947329782e-02
1.505144563632500067e+05 1.234894404154021630e-01 -4.970360707899960234e-02 2.948063392853046694e-02
1.505144663732500048e+05 1.200204102099367010e-01 -4.923309569685035969e-02 3.029021012734683244e-02
1.505144763522499998e+05 1.163731527112227410e-01 -4.873501920487770256e-02 3.088822906243653826e-02
1.505144863622499979e+05 1.127906592522937984e-01 -4.817436128573363702e-02 3.136558174140056943e-02
1.505144963412500219e+05 1.093522332966554156e-01 -4.801644842566814286e-02 3.181187298937589863e-02
1.505145063512500201e+05 1.059730190681741346e-01 -4.797342150586868248e-02 3.226186551586552459e-02
1.505145163612500182e+05 1.027914500679452114e-01 -4.728231064090362284e-02 3.284736634738273653e-02
1.505145263402500132e+05 9.970616216820704647e-02 -4.573266755505125958e-02 3.361049274243431417e-02
1.505145363502500113e+05 9.645632061632034016e-02 -4.344461844821029955e-02 3.452811590841790151e-02
1.505145463292500062e+05 9.286476604564979087e-02 -4.101144696132430489e-02 3.549606033928971727e-02
1.505145563392500044e+05 8.897455088966328696e-02 -3.872277629074659389e-02 3.664092903247888333e-02
1.505145663182499993e+05 8.492437785026556163e-02 -3.636872475346419886e-02 3.784764865779344234e-02
1.505145763282499975e+05 8.092141818375835072e-02 -3.387727455996398379e-02 3.900542085400631603e-02
1.505145863072500215e+05 7.691345552740921909e-02 -3.062921302653983865e-02 4.017099396937816314e-02
1.505145963172500196e+05 7.286997879875913020e-02 -2.477028766121961920e-02 4.185311712399992362e-02
1.505146062962499855e+05 6.907096318872726903e-02 -1.476873274163222061e-02 4.399917541569856733e-02
1.505146163062500127e+05 6.532077909194064502e-02 -5.519562822820674435e-04 4.615879062499661512e-02
1.505146263162500109e+05 6.154006359045555152e-02 1.742022632111236286e-02 4.840159452730932038e-02
1.505146362952500058e+05 5.765495234776634587e-02 3.759714962894839668e-02 5.064534543698087643e-02
1.505146463052500039e+05 5.331509497877249398e-02 5.975378324069106212e-02 5.234572749692827792e-02
1.505146562842499989e+05 4.894311247789828040e-02 8.293685872746515975e-02 5.372297018505484828e-02
1.505146662942499970e+05 4.448425405905365865e-02 1.068855595477872372e-01 5.502693568877938674e-02
1.505146762732500210e+05 3.979643343242274950e-02 1.327262474748043819e-01 5.647883276688706738e-02
1.505146862832500192e+05 3.490145935654059839e-02 1.606775025665469203e-01 5.786475913942466104e-02
1.505146962622500141e+05 2.990300550336751420e-02 1.889909840862528945e-01 5.859802354830165316e-02
1.505147062722500123e+05 2.510925845651772875e-02 2.160318794470045267e-01 5.880225401453224865e-02
1.505147162512500072e+05 2.050971623061199900e-02 2.422752479257381242e-01 5.897055524899291745e-02
1.505147262612500053e+05 1.611182263459581820e-02 2.691487141741369382e-01 5.941166365945294708e-02
1.505147362702499959e+05 1.141173235933778604e-02 2.952399644705769322e-01 5.969579874872406322e-02
1.505147462502499984e+05 6.729400561027595873e-03 3.192838745715166349e-01 5.970830900561666099e-02
1.505147562592500180e+05 2.412461349531711593e-03 3.423949807167899206e-01 5.946239848381990739e-02
1.505147662392500206e+05 -1.377231933350073255e-03 3.649316820629060487e-01 5.905691721260697413e-02
1.505147762482500111e+05 -4.736973091345365525e-03 3.847549358597623370e-01 5.853956126678634686e-02
1.505147862282500137e+05 -8.137232339148056312e-03 4.003533573010933377e-01 5.786561736353116464e-02
1.505147962372500042e+05 -1.165968781917119286e-02 4.128788942679326723e-01 5.697949966361808005e-02
1.505148062172500067e+05 -1.556398076977941712e-02 4.255282748662128633e-01 5.565009728122563559e-02
1.505148162262499973e+05 -1.997801771141748811e-02 4.418423693179092115e-01 5.386721106935560971e-02
1.505148262062499998e+05 -2.500159219877254660e-02 4.623450155937794404e-01 5.125755614836532276e-02
1.505148362152500194e+05 -2.987889833976734716e-02 4.849669285668990470e-01 4.811297915593052560e-02
1.505148462252500176e+05 -3.374149787581708776e-02 5.069917074229561837e-01 4.499311419734199763e-02
1.505148562042500125e+05 -3.629026110903443153e-02 5.268633546493425301e-01 4.245589209420502774e-02
