3.016531097577500041e+05 8.351035516920686519e-03 -3.062439093653788330e-02 -1.429713542117796825e-02
3.016531197367500281e+05 7.597242787031879482e-03 -3.081832684244597415e-02 -1.402938462253275689e-02
3.016531297157499939e+05 6.906549319071857151e-03 -3.105011614458795879e-02 -1.384808879129809621e-02
3.016531396947500180e+05 6.536574552369877125e-03 -3.145966519112606413e-02 -1.378568736047535749e-02
3.016531497047500452e+05 6.450181536195511746e-03 -3.206694836649330582e-02 -1.374545200347420879e-02
3.016531596837500110e+05 6.431672627758245817e-03 -3.266385266335575244e-02 -1.372142004102118278e-02
3.016531696637500427e+05 6.406141870925361956e-03 -3.303693071703729667e-02 -1.374489098423468947e-02
3.016531796427500085e+05 6.443030393807867157e-03 -3.321101969944594695e-02 -1.382019006951274061e-02
3.016531896217500325e+05 6.518861244804199408e-03 -3.337949497090536566e-02 -1.388517550120760453e-02
3.016531996007499984e+05 6.498796316301863434e-03 -3.361509763641021276e-02 -1.390166423076880965e-02
3.016532095807500300e+05 6.382526367004244180e-03 -3.374183382491038885e-02 -1.388227767403848491e-02
3.016532195897499914e+05 6.212643385771518360e-03 -3.373259973250635618e-02 -1.384005405200912017e-02
3.016532295697500231e+05 6.026030791048244198e-03 -3.378853255772639591e-02 -1.377572896421067408e-02
3.016532395487500471e+05 5.817036099982306543e-03 -3.396038719128043754e-02 -1.370428001749200882e-02
3.016532495277500129e+05 5.601339465722200706e-03 -3.414034948059923441e-02 -1.361121631651286343e-02
3.016532595067500370e+05 5.342869307821946842e-03 -3.422922886008848697e-02 -1.347929703596767448e-02
3.016532694867500104e+05 5.013288326662425701e-03 -3.417246347317175886e-02 -1.335544632679178459e-02
3.016532794657500344e+05 4.682156118182169598e-03 -3.410310817843936748e-02 -1.323408773019131915e-02
3.016532894447500003e+05 4.394673846944622056e-03 -3.424471266359935262e-02 -1.311104233022142122e-02
3.016532994547500275e+05 4.251092134653518088e-03 -3.454500107379879226e-02 -1.299482880617684223e-02
3.016533094337499933e+05 4.347326708330176079e-03 -3.475245426783492991e-02 -1.291803437379611917e-02
3.016533194127500174e+05 4.489056815100539097e-03 -3.481305426250377172e-02 -1.284299004780939564e-02
3.016533293927499908e+05 4.557511580223206488e-03 -3.488464591376354285e-02 -1.277827328847183121e-02
3.016533393717500148e+05 4.521782664417243677e-03 -3.494878320091126395e-02 -1.272999819396185631e-02
3.016533493507500389e+05 4.434152513654180186e-03 -3.506164619283416023e-02 -1.268192286621013312e-02
3.016533593297500047e+05 4.323614486953807935e-03 -3.520563293287809481e-02 -1.264483078156348334e-02
3.016533693097500363e+05 4.218618116210204154e-03 -3.531337688458410090e-02 -1.263847840976517652e-02
3.016533793187499978e+05 4.135068393977152541e-03 -3.547028546136828109e-02 -1.265685844196381797e-02
3.016533892987500294e+05 4.055561215931998038e-03 -3.567905041140410211e-02 -1.269806239904989163e-02
3.016533992777499952e+05 4.018266448986483781e-03 -3.589507867925767481e-02 -1.277167767474488881e-02
3.016534092567500193e+05 4.016155265464803337e-03 -3.604563949897281183e-02 -1.284950163886314570e-02
3.016534192357500433e+05 4.010330107615611185e-03 -3.611639762881577176e-02 -1.293974910580201858e-02
3.016534292157500167e+05 3.951680414351473221e-03 -3.611070596503824365e-02 -1.301709556611187722e-02
3.016534391947500408e+05 3.862258756458285258e-03 -3.605862518174697551e-02 -1.307764351521694020e-02
3.016534492047500098e+05 3.774396032519639066e-03 -3.605159582074200092e-02 -1.312377441977338223e-02
3.016534591837500338e+05 3.675341003358909443e-03 -3.614896896425708744e-02 -1.313416993296748388e-02
3.016534691627499997e+05 3.585038308165996654e-03 -3.623673010144674855e-02 -1.312964435586442581e-02
3.016534791417500237e+05 3.542817923942340359e-03 -3.626308954016761732e-02 -1.311948800214626440e-02
3.016534891217499971e+05 3.618718085886145353e-03 -3.624420139682028169e-02 -1.308996136714815801e-02
3.016534991007500212e+05 3.837104830943470317e-03 -3.620420696264833177e-02 -1.307694625219821966e-02
3.016535090797500452e+05 4.099969579297400163e-03 -3.615389436476113688e-02 -1.307030577153279159e-02
3.016535190587500110e+05 4.369970319677288044e-03 -3.611832105134264725e-02 -1.305587250857655028e-02
3.016535290687500383e+05 4.609285578638099533e-03 -3.605645467487526151e-02 -1.303732518685851716e-02
3.016535390477500041e+05 4.820715295826135879e-03 -3.592464002779640481e-02 -1.301563502877049749e-02
3.016535490277500357e+05 4.937956137538932790e-03 -3.580184805237326962e-02 -1.298136903863023051e-02
3.016535590067500016e+05 4.911251974502545657e-03 -3.576821054529226440e-02 -1.292339635380461947e-02
3.016535689857500256e+05 4.807737367294381836e-03 -3.577390217431043740e-02 -1.285319705640769646e-02
3.016535789647499914e+05 4.735792820382610756e-03 -3.570499630817535602e-02 -1.279516193091805205e-02
3.016535889447500231e+05 4.713408128868188350e-03 -3.567192335451351698e-02 -1.275844953446475007e-02
3.016535989537500427e+05 4.723943179352419613e-03 -3.570455781308313342e-02 -1.273331473939687611e-02
3.016536089337500161e+05 4.758787330667087027e-03 -3.567712555448514233e-02 -1.270647485844974417e-02
3.016536189127500402e+05 4.795149546639698203e-03 -3.560492694270493003e-02 -1.269145731502816302e-02
3.016536288917500060e+05 4.791582780108528082e-03 -3.549547805975633574e-02 -1.268215314447356142e-02
3.016536388707500300e+05 4.747674053219847271e-03 -3.539245657872139295e-02 -1.265079684319120670e-02
3.016536488507500035e+05 4.738092779451659638e-03 -3.541777474546128901e-02 -1.261105364667447319e-02
3.016536588297500275e+05 4.771904472157651074e-03 -3.545463943779464389e-02 -1.259060473130399309e-02
3.016536688087499933e+05 4.834999718186606087e-03 -3.537639294606637758e-02 -1.258060745212885752e-02
3.016536788187500206e+05 4.920851724688220415e-03 -3.524006376022009029e-02 -1.257892305206524328e-02
3.016536887977500446e+05 5.032514147534383232e-03 -3.508390687406490877e-02 -1.256371997589099919e-02
3.016536987469166634e+05 5.136959052665823061e-03 -3.493100243757817774e-02 -1.256676114874480908e-02
3.016537087269166950e+05 5.160714142595292618e-03 -3.478875050008867903e-02 -1.257118913533848692e-02
3.016537187059166608e+05 5.145660189884428311e-03 -3.463300795266502363e-02 -1.257024602943703634e-02
3.016537286849167431e+05 5.091026409615988929e-03 -3.439868467350332831e-02 -1.257917913174693390e-02
3.016537386639167089e+05 5.030788361353216026e-03 -3.409442459418778049e-02 -1.259197331439375518e-02
3.016537486439167405e+05 5.007451974086092605e-03 -3.378766106743279901e-02 -1.259956368321180943e-02
3.016537586529167020e+05 5.016858904758773885e-03 -3.340491129960408007e-02 -1.259801103440200479e-02
3.016537686329167336e+05 5.131496411307111781e-03 -3.278789696233729012e-02 -1.260511576430686613e-02
3.016537786119166994e+05 5.416109766151676504e-03 -3.156222048655672047e-02 -1.261798451472452218e-02
3.016537885909167235e+05 5.915169704758737983e-03 -2.899534704152619338e-02 -1.268613288028550869e-02
3.016537985699167475e+05 6.641602879483425245e-03 -2.373635521106541579e-02 -1.283417343313350729e-02
3.016538085499166627e+05 7.822991549043657386e-03 -1.354839780946690865e-02 -1.305587226380375450e-02
3.016538185289167450e+05 9.231436278948772917e-03 2.793164379221585013e-03 -1.350664450978854812e-02
3.016538285389167140e+05 1.051361143759142920e-02 2.496830252728042543e-02 -1.429760115602962157e-02
3.016538385179167381e+05 1.166171489212749005e-02 5.208544322144920136e-02 -1.525721388721115908e-02
3.016538484969167039e+05 1.252835021731263550e-02 8.393822959535673922e-02 -1.637442157643709262e-02
3.016538584759167279e+05 1.321495459566199120e-02 1.205078489103713207e-01 -1.790094243177561134e-02
3.016538684559167014e+05 1.400051297957539444e-02 1.609168128403968279e-01 -1.917717429525120018e-02
3.016538784349167254e+05 1.422855089201950467e-02 2.032535164079123380e-01 -1.816011296784702730e-02
3.016538884139166912e+05 1.247509003718346061e-02 2.475353462494312151e-01 -1.600706745751351301e-02
3.016538983929166570e+05 8.441208350552294182e-03 2.959146529639570256e-01 -1.397109177848396451e-02
3.016539084029167425e+05 2.833563282855748686e-03 3.500776702853657385e-01 -1.377006229877507371e-02
3.016539183819167083e+05 -1.907542479418658119e-03 4.087434440456828577e-01 -1.497457384530881744e-02
3.016539283619167400e+05 -3.297563658265048256e-03 4.673094373303453564e-01 -1.559681708942107364e-02
3.016539383409167058e+05 -2.025665333830257986e-03 5.212551501443525304e-01 -1.538423983655537626e-02
3.016539483199167298e+05 -1.200228167306592424e-03 5.693959026094449483e-01 -1.602798492815289341e-02
