1.516857861328750150e+05 1.546240910202927032e-01 -1.284458547733096923e-01 -5.776540815471505746e-02
1.516857961118750100e+05 1.435125100807942145e-01 -1.273173500589035445e-01 -5.405722979391987953e-02
1.516858061218750081e+05 1.341318647276049936e-01 -1.267955551954420834e-01 -5.101165270171039573e-02
1.516858161008750030e+05 1.266960585692196162e-01 -1.261646379303707488e-01 -4.842313810736572494e-02
1.516858261108750012e+05 1.210565973049807786e-01 -1.248225952756737839e-01 -4.608899763544016537e-02
1.516858361198750208e+05 1.170315524482047204e-01 -1.227197748190232834e-01 -4.397738089107477294e-02
1.516858460998750234e+05 1.144711158525653083e-01 -1.204450564458055400e-01 -4.215790034385247242e-02
1.516858561088750139e+05 1.131121741496445565e-01 -1.188722620082094672e-01 -4.067161414824228827e-02
1.516858660888750164e+05 1.127554822156406206e-01 -1.180802996938354887e-01 -3.958566933295068480e-02
1.516858760978750070e+05 1.130636427579686104e-01 -1.176981462579249349e-01 -3.889998685265741440e-02
1.516858860778750095e+05 1.135825934013082461e-01 -1.177372267927248167e-01 -3.858106340819762031e-02
1.516858960868750000e+05 1.142265888029408011e-01 -1.177266188526666091e-01 -3.857481496843835622e-02
1.516859060668750026e+05 1.153973798586222094e-01 -1.170702536000045729e-01 -3.881855189050447547e-02
1.516859160758750222e+05 1.174141577608348030e-01 -1.156257333890236411e-01 -3.929446003400038218e-02
1.516859260858750204e+05 1.203409838767567214e-01 -1.139611319473272238e-01 -4.005717546160642711e-02
1.516859360648750153e+05 1.240914865527859706e-01 -1.123562821074645529e-01 -4.119682485672529482e-02
1.516859460748750134e+05 1.286028415961857074e-01 -1.106447070109157493e-01 -4.269488703688577996e-02
1.516859560538750084e+05 1.336727870032716481e-01 -1.086478435148589550e-01 -4.433027656931895488e-02
1.516859660638750065e+05 1.389402486434214434e-01 -1.063781872890733060e-01 -4.589083981336023604e-02
1.516859760428750014e+05 1.439542181259113596e-01 -1.044018487633024683e-01 -4.726499430426534670e-02
1.516859860528749996e+05 1.486778809813812385e-01 -1.030439565526042600e-01 -4.838518239457473280e-02
1.516859960318750236e+05 1.529124360786352221e-01 -1.023262511489756027e-01 -4.919664700112980765e-02
1.516860060418750218e+05 1.565435066966126276e-01 -1.019733265554006868e-01 -4.972033427618670343e-02
1.516860160518750199e+05 1.593156938384847066e-01 -1.017374875168205600e-01 -4.999830245360625119e-02
1.516860260308749857e+05 1.612121776462945022e-01 -1.013899728881442058e-01 -5.009412973036604655e-02
1.516860360408750130e+05 1.625672136359717634e-01 -1.009258153135428743e-01 -5.024330846038144865e-02
1.516860460198750079e+05 1.638442804020112109e-01 -1.001227942424660761e-01 -5.057980173203203283e-02
1.516860560298750061e+05 1.651504005798159203e-01 -9.874365727011430449e-02 -5.100942928242784696e-02
1.516860660088750010e+05 1.663152734516938624e-01 -9.729810496642674056e-02 -5.153846948271984668e-02
1.516860760188749991e+05 1.673139538681815419e-01 -9.634256455044838685e-02 -5.217212582688132011e-02
1.516860859978750232e+05 1.680907325066458569e-01 -9.600791928061462588e-02 -5.287792203191953033e-02
1.516860960078750213e+05 1.686108319570446823e-01 -9.619734241620341020e-02 -5.355940356512243344e-02
1.516861060178750195e+05 1.690652390411158112e-01 -9.666825384678685851e-02 -5.421649398861247415e-02
1.516861159968750144e+05 1.694963670054882299e-01 -9.734000667066945722e-02 -5.471711781598019575e-02
1.516861260068750125e+05 1.698377479519725120e-01 -9.812585733092396567e-02 -5.507176652191551197e-02
1.516861359858750075e+05 1.699212844646674214e-01 -9.888790320899176756e-02 -5.537986535801377869e-02
1.516861459958750056e+05 1.698821491001550332e-01 -9.934158869706495587e-02 -5.573896115279268482e-02
1.516861559748750005e+05 1.699391789500961092e-01 -9.928123347604148052e-02 -5.610612895721400067e-02
1.516861659848749987e+05 1.700549571843348318e-01 -9.902918857588731416e-02 -5.637098965666723083e-02
1.516861759948749968e+05 1.700179815837438435e-01 -9.886027218933847449e-02 -5.649775154339890110e-02
1.516861859738750209e+05 1.698700992134522247e-01 -9.874368931446975139e-02 -5.646889780473871023e-02
1.516861959838750190e+05 1.696435148709066476e-01 -9.882018291547746414e-02 -5.628705951568141463e-02
1.516862059628750139e+05 1.693019748843162808e-01 -9.939529886722883734e-02 -5.600427948910949999e-02
1.516862159728750121e+05 1.689404818160512578e-01 -1.005048060135565330e-01 -5.575614457963127407e-02
1.516862259518750070e+05 1.686223602775021035e-01 -1.015880034527006370e-01 -5.561068492427168747e-02
1.516862359618750052e+05 1.684723300632207099e-01 -1.021634418414542333e-01 -5.556608662430558704e-02
1.516862459408750001e+05 1.683694862597261421e-01 -1.022231336144864139e-01 -5.557633666493611707e-02
1.516862559508749982e+05 1.682399574012557741e-01 -1.020350141565398994e-01 -5.569816445236257935e-02
1.516862659598750179e+05 1.680996810645188633e-01 -1.016514348128723794e-01 -5.592738244472859888e-02
1.516862759398750204e+05 1.678380409391086459e-01 -1.010342081847078050e-01 -5.608880132543712232e-02
1.516862859488750109e+05 1.672709542786550152e-01 -1.003922985792601863e-01 -5.610749575300406217e-02
1.516862959288750135e+05 1.663704864714383447e-01 -9.998995554830787669e-02 -5.591786051229843263e-02
1.516863059378750040e+05 1.651463659811961693e-01 -1.000028102798226626e-01 -5.552125357219972468e-02
1.516863159178750066e+05 1.636660286314604029e-01 -1.003918240902055975e-01 -5.498352544489513993e-02
1.516863259268749971e+05 1.619757261044356966e-01 -1.010958321859839054e-01 -5.438535506709540196e-02
1.516863359068749996e+05 1.601891448477508750e-01 -1.019654009528265237e-01 -5.387082799207498773e-02
1.516863459158750193e+05 1.583815498620693429e-01 -1.029698152400453232e-01 -5.351004650650027089e-02
1.516863559258750174e+05 1.564921545071897568e-01 -1.040652923788756151e-01 -5.335179712266559932e-02
1.516863659048750123e+05 1.544926098676695225e-01 -1.053386857000669780e-01 -5.347514131683813593e-02
1.516863759148750105e+05 1.524008100895788143e-01 -1.065590094499889867e-01 -5.364864251478881213e-02
1.516863858948750130e+05 1.503041303622894287e-01 -1.072036935484800835e-01 -5.375080792928389750e-02
1.516863959038750036e+05 1.482269274340517473e-01 -1.073126767420038430e-01 -5.364512373492800329e-02
1.516864058838750061e+05 1.461396880236728313e-01 -1.072585479782197926e-01 -5.335329953124900992e-02
1.516864158928749966e+05 1.441493358086021748e-01 -1.073638578068601968e-01 -5.298483079246855271e-02
1.516864258728749992e+05 1.422903062748203107e-01 -1.076693906708764276e-01 -5.252648545659211604e-02
1.516864358818750188e+05 1.404371408736100613e-01 -1.082761163541696714e-01 -5.191267501255400485e-02
1.516864458918750170e+05 1.385421960228017391e-01 -1.091177891137107558e-01 -5.119707504201884141e-02
1.516864558814166812e+05 1.364844757543915987e-01 -1.099485232409648655e-01 -5.049519109744843998e-02
1.516864658914166794e+05 1.343883508468327048e-01 -1.104676134256929870e-01 -4.997797916682881342e-02
1.516864758704166743e+05 1.326289438405994503e-01 -1.105278783308624446e-01 -4.967755724987246713e-02
1.516864858804166724e+05 1.311844542477309805e-01 -1.103862955195602513e-01 -4.953224159174138275e-02
1.516864958594166674e+05 1.299034382933016984e-01 -1.103390153493969267e-01 -4.947391494371109616e-02
1.516865058694166655e+05 1.285946843302276654e-01 -1.104048715432103117e-01 -4.943414036025417513e-02
1.516865158484166896e+05 1.271705792599804319e-01 -1.104654505365460920e-01 -4.946764951086756595e-02
1.516865258584166877e+05 1.256828060868625252e-01 -1.106837784526763374e-01 -4.955279896509511006e-02
1.516865358684166858e+05 1.241928634723369201e-01 -1.109452657137202092e-01 -4.964981791712971826e-02
1.516865458474166808e+05 1.228207902281968078e-01 -1.109767237881057328e-01 -4.968825798003168037e-02
1.516865558574166789e+05 1.214987977942609265e-01 -1.108358486507067808e-01 -4.961532992883703475e-02
1.516865658364166738e+05 1.200858733842685017e-01 -1.107180905429520218e-01 -4.940588256887719354e-02
1.516865758464166720e+05 1.184645588870668759e-01 -1.105182689582076133e-01 -4.907662638938663224e-02
1.516865858254166669e+05 1.164460231252522071e-01 -1.100342307395124064e-01 -4.863927190314684679e-02
1.516865958354166942e+05 1.138849562437478785e-01 -1.093084587529429136e-01 -4.815512802426024502e-02
1.516866058144166891e+05 1.107519880643951793e-01 -1.084980689633260054e-01 -4.770932255076160144e-02
1.516866158244166872e+05 1.069629125106191098e-01 -1.076244211850958532e-01 -4.733848366929911677e-02
1.516866258344166854e+05 1.025858888825777609e-01 -1.067102219795747209e-01 -4.702343353202489973e-02
1.516866358134166803e+05 9.762637827655619438e-02 -1.058550947772816664e-01 -4.666289193921055456e-02
1.516866458234166785e+05 9.200382471363893755e-02 -1.047694660580665987e-01 -4.616391838927678265e-02
1.516866558024166734e+05 8.553932950927665979e-02 -1.034074141246680290e-01 -4.547104320504315178e-02
1.516866658124166715e+05 7.777473506293834660e-02 -1.019105855869109345e-01 -4.455605146633195152e-02
1.516866757914166665e+05 6.848075883698653832e-02 -1.001219456488207094e-01 -4.339507003883675412e-02
1.516866858014166355e+05 5.707752894584147002e-02 -9.779329926389837557e-02 -4.195825655910015439e-02
1.516866957804166886e+05 4.295858602355635131e-02 -9.489474186888272045e-02 -4.025751950751686042e-02
1.516867057904166868e+05 2.578520475127668923e-02 -9.151100839513835739e-02 -3.836330636553488688e-02
1.516867158004166849e+05 6.016028152747979717e-03 -8.723722504714995218e-02 -3.642695489920100976e-02
1.516867257794166799e+05 -1.525562616440557205e-02 -8.197177243790737533e-02 -3.467513214092540069e-02
1.516867357894166780e+05 -3.736750100989839202e-02 -7.600990605702644121e-02 -3.323158961832680530e-02
1.516867457684166729e+05 -5.994100104759796793e-02 -6.996926262555076825e-02 -3.202901586389573368e-02
1.516867557784166711e+05 -8.314277876760953201e-02 -6.431367414767913404e-02 -3.086470610153046329e-02
1.516867657574166660e+05 -1.069266716704272424e-01 -5.919646918946507713e-02 -2.963704378875225628e-02
1.516867757674166351e+05 -1.308957144495672409e-01 -5.420406957481700705e-02 -2.855234559086756996e-02
1.516867857464166882e+05 -1.542103703925246372e-01 -4.903833140216462549e-02 -2.754951139205363830e-02
1.516867957564166863e+05 -1.768774680845643932e-01 -4.377921447859967063e-02 -2.643100673276590346e-02
1.516868057654166769e+05 -1.989935720341547143e-01 -3.876969422834633527e-02 -2.525108806520939483e-02
1.516868157454166794e+05 -2.205943943278416974e-01 -3.454707115303071174e-02 -2.398913790213782690e-02
1.516868257544166700e+05 -2.421113978326494831e-01 -3.136881353535436734e-02 -2.238774656670672325e-02
1.516868357344166725e+05 -2.639838527749562291e-01 -2.893285279699720630e-02 -2.028905336658878150e-02
1.516868457434166339e+05 -2.867308415279150036e-01 -2.655793430116251339e-02 -1.766812975074040504e-02
1.516868557234166656e+05 -3.101964184072892872e-01 -2.361967651099904086e-02 -1.484625007457642497e-02
1.516868657324166852e+05 -3.342553091644732133e-01 -1.984229085640444937e-02 -1.215023322799774902e-02
1.516868757124166877e+05 -3.582303920667269659e-01 -1.531139598124454590e-02 -9.816223255183061103e-03
1.516868857214166783e+05 -3.820103320453343554e-01 -9.959517659548309393e-03 -7.790296986559797771e-03
1.516868957314166764e+05 -4.058454372904382601e-01 -3.694642207579506687e-03 -6.137930394795951781e-03
1.516869057104166714e+05 -4.302414578537456236e-01 3.435534029709203917e-03 -4.640082303614724742e-03
1.516869157204166695e+05 -4.559305829054288717e-01 1.129321610564406296e-02 -2.936470998692525432e-03
1.516869256994166353e+05 -4.828345822417537958e-01 1.940612574124725431e-02 -6.543835706993869714e-04
1.516869357094166335e+05 -5.104811253172519825e-01 2.764219478499495286e-02 2.431156016203259509e-03
1.516869456884166866e+05 -5.376460887953268264e-01 3.608645584975757326e-02 6.152520279506586143e-03
