3.097586560312916990e+05 7.789227500979868830e-03 1.704972808966418243e-02 4.602878688078593239e-02
3.097586660102917231e+05 7.638557851276015637e-03 1.710259710467546684e-02 4.618914350264293617e-02
3.097586759892917471e+05 7.673733036830369773e-03 1.690783806045936116e-02 4.642112746648813237e-02
3.097586859692917205e+05 7.739354654056827300e-03 1.667925449329906926e-02 4.667522804197923175e-02
3.097586959482917446e+05 7.585379206520811469e-03 1.666814047875466928e-02 4.689427550856588994e-02
3.097587059582917136e+05 7.239441936754040761e-03 1.688411598201168540e-02 4.711177164848875248e-02
3.097587159372917376e+05 6.845639827415540314e-03 1.716032663567029076e-02 4.733070121313190382e-02
3.097587259162917035e+05 6.667231739106997852e-03 1.723161112056326508e-02 4.756780937143547522e-02
3.097587358952917275e+05 6.757242299070159372e-03 1.709521770147118605e-02 4.781102353561737101e-02
3.097587458752917009e+05 6.985482944100940110e-03 1.694480688417332112e-02 4.803102455788928887e-02
3.097587558542917250e+05 7.276602537866481459e-03 1.681980292427315629e-02 4.821990626125608609e-02
3.097587658332916908e+05 7.485796628297581787e-03 1.671595603807455796e-02 4.841271204121672111e-02
3.097587758122917148e+05 7.467499977374422553e-03 1.674366112523895458e-02 4.857555667506111702e-02
3.097587857922917465e+05 7.277901878943868023e-03 1.686239419855761063e-02 4.874887204078554720e-02
3.097587957712917123e+05 7.047426501295158026e-03 1.696507737155380363e-02 4.895691714624750973e-02
3.097588057812917395e+05 6.856091418696625903e-03 1.704719449781212648e-02 4.918788895829902252e-02
3.097588157602917054e+05 6.687281058819814251e-03 1.713738447467945750e-02 4.943268509351360362e-02
3.097588257392917294e+05 6.572059552260064823e-03 1.723152544911185288e-02 4.969759473443806364e-02
3.097588357182916952e+05 6.560755045968249752e-03 1.734644176367098126e-02 4.996850262507957635e-02
3.097588456982917269e+05 6.625733000739079774e-03 1.752101383724733244e-02 5.023605507134274589e-02
3.097588556772916927e+05 6.698330418784283896e-03 1.779792118459663092e-02 5.047292205588078950e-02
3.097588656562917167e+05 6.751766955153633461e-03 1.814834976483377035e-02 5.066227671567966051e-02
3.097588756352917408e+05 6.854148235958172283e-03 1.845463610317324768e-02 5.080395220236541554e-02
3.097588856152917142e+05 7.046745001431926718e-03 1.861556219730198941e-02 5.091163118268191012e-02
3.097588955942917382e+05 7.167560451592888855e-03 1.875238757468705025e-02 5.097815965422287932e-02
3.097589055732917041e+05 7.161408066215479463e-03 1.886682660997786309e-02 5.101235702266985333e-02
3.097589155832917313e+05 7.021850882127154796e-03 1.898641957331215907e-02 5.103576970524136003e-02
3.097589255622916971e+05 6.713431752824472638e-03 1.908411326393031834e-02 5.106744714973336652e-02
3.097589355412917212e+05 6.425641796602019756e-03 1.894868202347209374e-02 5.113653508618906662e-02
3.097589455212916946e+05 6.296910503538176614e-03 1.857433265407265263e-02 5.126652371499247629e-02
3.097589555002917186e+05 6.296376697160169233e-03 1.813637942598753799e-02 5.141728745610672779e-02
3.097589654792917427e+05 6.418828672947802204e-03 1.774265989207769040e-02 5.160058720109483854e-02
3.097589754582917085e+05 6.555375952047342442e-03 1.757534184969959667e-02 5.179003600401832497e-02
3.097589854382917401e+05 6.620879379987580117e-03 1.765636079418544599e-02 5.197161940399218361e-02
3.097589954172917060e+05 6.639839521373562189e-03 1.785278105621393441e-02 5.212793463715977710e-02
3.097590053962917300e+05 6.644205932619642353e-03 1.807697519983699624e-02 5.225519173468491652e-02
3.097590154062916990e+05 6.703322449166515887e-03 1.824494581522116687e-02 5.237381683652875264e-02
3.097590253852917231e+05 6.767117932183843582e-03 1.836828007072164801e-02 5.247765309576173098e-02
3.097590353642917471e+05 6.758768169651337317e-03 1.850585226624608046e-02 5.254432647260428441e-02
3.097590453442917205e+05 6.748665360297896598e-03 1.856548010687708236e-02 5.258230866267781661e-02
3.097590553232917446e+05 6.739039550037592349e-03 1.857954026103718348e-02 5.260665538425226412e-02
3.097590653022917104e+05 6.684750310435425349e-03 1.856165218948157419e-02 5.260312110224069082e-02
3.097590752812917344e+05 6.633320876118820562e-03 1.849460136668344690e-02 5.261036397171017093e-02
3.097590852612917079e+05 6.632763474531136461e-03 1.842507735164209542e-02 5.264096418797915844e-02
3.097590952402917319e+05 6.628411528604163765e-03 1.838316196780959491e-02 5.267675947894864819e-02
3.097591052192916977e+05 6.592741348904634403e-03 1.837632135310390477e-02 5.271192094552588220e-02
3.097591151982917218e+05 6.517074908501548601e-03 1.841364910195911891e-02 5.276202086177826656e-02
3.097591252082916908e+05 6.379276700550730837e-03 1.845101716294006780e-02 5.283542830001836110e-02
3.097591351872917148e+05 6.176737476997784873e-03 1.845073061291496036e-02 5.291439982142549098e-02
3.097591451672917465e+05 5.976394440418152793e-03 1.841094379321420518e-02 5.300046308791026006e-02
3.097591551462917123e+05 5.794472320675181885e-03 1.841818830661242148e-02 5.308364306771772012e-02
3.097591651252917363e+05 5.639101126736155087e-03 1.849969485990926935e-02 5.312020250675421329e-02
3.097591751042917022e+05 5.504655244844747566e-03 1.869007592422416292e-02 5.309269694689262853e-02
3.097591850842917338e+05 5.413297903326952376e-03 1.899066422433470444e-02 5.300291369849860490e-02
3.097591950632916996e+05 5.395205954513221207e-03 1.923349258609546863e-02 5.288298602801613790e-02
3.097592050422917237e+05 5.445575489677333646e-03 1.926060363063020198e-02 5.275396474269301167e-02
3.097592150212917477e+05 5.455578498959632282e-03 1.912918514390609184e-02 5.264063768141732935e-02
3.097592250312917167e+05 5.378684397336934951e-03 1.890349517524574086e-02 5.255327600916196579e-02
3.097592350102917408e+05 5.176303612772406755e-03 1.868710880611329853e-02 5.249800801164317132e-02
3.097592449902917142e+05 4.851365151496190437e-03 1.850055963449419652e-02 5.249345177542071722e-02
3.097592549692917382e+05 4.456246572499085110e-03 1.837592072073872956e-02 5.252664110439773937e-02
3.097592649482917041e+05 4.192440754183675983e-03 1.826203613604999651e-02 5.259813867749672106e-02
3.097592749272917281e+05 4.204478422583019133e-03 1.813634807855895453e-02 5.271566012915295668e-02
3.097592849072917015e+05 4.396581373857141525e-03 1.806879426802508737e-02 5.284375444101131053e-02
3.097592948862917256e+05 4.703562413322424571e-03 1.809690046850154221e-02 5.296870164714473361e-02
3.097593048652916914e+05 5.064679385573803670e-03 1.824179153022971803e-02 5.307689862659369789e-02
3.097593148530417238e+05 5.343558973925300638e-03 1.844780508437420322e-02 5.315324935377019333e-02
3.097593248630416929e+05 5.466884579773792323e-03 1.866301658461808066e-02 5.318144311644359967e-02
3.097593348420417169e+05 5.480201900976547358e-03 1.882485226879235252e-02 5.318321920467536379e-02
3.097593448220416903e+05 5.413703153409523544e-03 1.889780976017903236e-02 5.315103104698832431e-02
3.097593548010417144e+05 5.248679796551278948e-03 1.890281287590448583e-02 5.308837532130545461e-02
3.097593647800417384e+05 5.002002536818011234e-03 1.889149248074099494e-02 5.301630297358163324e-02
3.097593747590417042e+05 4.751251748435112235e-03 1.885990227361927438e-02 5.293328412791843685e-02
3.097593847390417359e+05 4.599937989846389873e-03 1.876327245740457353e-02 5.287363659596845678e-02
3.097593947180417017e+05 4.616399195315341354e-03 1.857096646258192887e-02 5.284288864949510806e-02
3.097594046970417257e+05 4.796598972606844896e-03 1.836655014885094431e-02 5.284970050480767428e-02
3.097594146760416916e+05 5.049264409223867822e-03 1.827888918126481521e-02 5.287090103129073876e-02
3.097594246560417232e+05 5.280001066851806521e-03 1.841571764360517768e-02 5.288841295778611701e-02
3.097594346650417428e+05 5.445653001659505818e-03 1.873676814718787040e-02 5.292777301478621826e-02
3.097594446450417163e+05 5.555988843979363379e-03 1.912120151576012297e-02 5.297709796580982178e-02
3.097594546240417403e+05 5.574935366766929808e-03 1.950426637850081676e-02 5.302050321095893443e-02
3.097594646030417061e+05 5.559149800420542555e-03 1.985450519081390433e-02 5.303622352581395527e-02
3.097594745820417302e+05 5.540165163523715075e-03 2.012298949962466194e-02 5.302654444174637050e-02
3.097594845620417036e+05 5.503765689456123142e-03 2.030171803823874188e-02 5.297666743117133981e-02
3.097594945410417276e+05 5.471993858496093308e-03 2.040822119500423915e-02 5.288626761848126689e-02
3.097595045200416935e+05 5.487452750913231203e-03 2.044560189515736218e-02 5.275932510745841297e-02
3.097595144990417175e+05 5.529525566678319265e-03 2.046044145242537082e-02 5.261019513369806500e-02
3.097595244790416909e+05 5.617149366178598828e-03 2.052685274995763587e-02 5.244335761876175311e-02
3.097595344880417106e+05 5.751673893117090382e-03 2.060503346432523628e-02 5.230860598274764128e-02
3.097595444680417422e+05 5.911121609768974113e-03 2.067017681880575428e-02 5.221794291593390841e-02
3.097595544470417080e+05 6.054372501421104863e-03 2.072242548853904520e-02 5.217216407604642614e-02
3.097595644260417321e+05 6.187722083619776568e-03 2.077614716851982485e-02 5.216666815242837485e-02
3.097595744050416979e+05 6.338997953545111655e-03 2.084286326573522863e-02 5.221305655411114660e-02
3.097595843850417295e+05 6.459162619291092429e-03 2.094668452446930493e-02 5.230437297669153496e-02
3.097595943640416954e+05 6.486675890782827615e-03 2.109518577204320955e-02 5.241459473428058263e-02
3.097596043430417194e+05 6.389980413578581070e-03 2.126106247233683355e-02 5.252598612902585618e-02
3.097596143220417434e+05 6.244160004064481725e-03 2.138118305084578050e-02 5.261973078359240275e-02
3.097596243020417169e+05 6.057685492471241891e-03 2.139962826044165475e-02 5.269662258833504587e-02
3.097596343110417365e+05 5.835831689306575018e-03 2.129045905844994743e-02 5.274045706668935990e-02
3.097596442910417099e+05 5.640613670420458782e-03 2.101822494317761789e-02 5.274822820549891766e-02
3.097596542700417340e+05 5.478899398226075128e-03 2.068698498289614496e-02 5.272947210392511797e-02
3.097596642490416998e+05 5.347779770421397239e-03 2.041073433359830852e-02 5.268231496362067029e-02
3.097596742280417238e+05 5.309928332056968944e-03 2.022564877936680258e-02 5.260891696683794166e-02
3.097596842080416973e+05 5.378811924486293777e-03 2.020297860944521989e-02 5.251709114803502360e-02
3.097596941870417213e+05 5.605047995498048732e-03 2.037204438021911895e-02 5.242871206724968036e-02
3.097597041660417453e+05 6.001460569562205687e-03 2.060691396839864006e-02 5.235273900993365342e-02
3.097597141450417112e+05 6.540752172745479751e-03 2.089645183845911802e-02 5.230501598365319693e-02
3.097597241250417428e+05 7.064562932600241749e-03 2.126547205954890801e-02 5.229415163003434119e-02
3.097597341040417086e+05 7.466582783122907054e-03 2.168803999878694821e-02 5.233137631866785489e-02
3.097597441140417359e+05 7.751100312958468519e-03 2.204892245140369425e-02 5.240872486678253145e-02
3.097597540930417017e+05 7.976274041760409578e-03 2.220488215609563512e-02 5.254223715514049625e-02
3.097597640720417257e+05 8.149284480429170099e-03 2.213614424754157747e-02 5.271872848892152075e-02
3.097597740510416916e+05 8.239194136908073451e-03 2.197931606536085089e-02 5.290177004250417453e-02
3.097597840310417232e+05 8.265271063399127344e-03 2.179525445360610408e-02 5.306773204541589267e-02
3.097597940100417472e+05 8.262466086015220548e-03 2.164427139917099799e-02 5.317187230840250689e-02
3.097598039890417131e+05 8.260327143827163321e-03 2.158713313833516764e-02 5.321454285046840760e-02
3.097598139680417371e+05 8.331146468786933962e-03 2.154118395516581991e-02 5.320892575466512620e-02
3.097598239480417105e+05 8.478335414459360966e-03 2.150086207008259850e-02 5.315495215488648395e-02
3.097598339270417346e+05 8.667728892916051406e-03 2.153291136737650602e-02 5.305953366035254248e-02
3.097598439370417036e+05 8.892369117888706403e-03 2.162267942274036583e-02 5.298362212485916573e-02
3.097598539160417276e+05 9.112125357092609387e-03 2.172159739517696975e-02 5.294458922758092656e-02
3.097598638950416935e+05 9.333616277473763892e-03 2.171812836041026387e-02 5.295429801263632635e-02
3.097598738740417175e+05 9.561831636571444665e-03 2.162460431312532294e-02 5.301125044410603948e-02
3.097598838540416909e+05 9.788287602842867322e-03 2.152428765803524741e-02 5.308761255912048532e-02
3.097598938330417150e+05 1.001481662757174387e-02 2.151009136502177524e-02 5.315203991487223861e-02
3.097599038120417390e+05 1.023182297593474080e-02 2.161736943106927836e-02 5.320069536298435708e-02
3.097599137910417048e+05 1.044322943637912560e-02 2.173231270789158232e-02 5.324859381182049656e-02
3.097599237710417365e+05 1.065058301743926350e-02 2.172700794251065937e-02 5.331542787774614517e-02
3.097599337500417023e+05 1.075607958475925142e-02 2.163140671760028708e-02 5.338900700687525952e-02
3.097599437600417295e+05 1.069425864869710807e-02 2.146234283418312419e-02 5.345308356646839149e-02
3.097599537390416954e+05 1.055081017726406355e-02 2.123533963334468117e-02 5.347166351862308459e-02
3.097599637180417194e+05 1.044953545103910995e-02 2.098880046614232456e-02 5.343511333440087441e-02
3.097599736970417434e+05 1.049196971594902432e-02 2.077081156493523414e-02 5.334352042314391418e-02
3.097599836770417169e+05 1.073845559906391918e-02 2.065155125036425079e-02 5.319881326596015425e-02
3.097599936560417409e+05 1.119761203800745918e-02 2.067400561476192763e-02 5.302817480614894358e-02
3.097600036350417067e+05 1.177149012331641341e-02 2.081020370421324261e-02 5.286661092758231789e-02
3.097600136140417308e+05 1.237883256404999875e-02 2.095289194814420330e-02 5.274896758586113121e-02
3.097600235940417042e+05 1.293918324133458073e-02 2.108128559999742149e-02 5.267954639746585954e-02
3.097600335730417282e+05 1.336036073775250833e-02 2.118782507991423883e-02 5.268530586195005472e-02
3.097600435520416941e+05 1.356076413194857132e-02 2.133212055983929947e-02 5.273048047916441272e-02
3.097600535620417213e+05 1.356964351975560590e-02 2.147717071952345846e-02 5.281010667959981641e-02
3.097600635410417453e+05 1.355549604866275459e-02 2.153160516035675445e-02 5.293164944337942768e-02
3.097600735200417112e+05 1.362926215267593576e-02 2.148138007231946423e-02 5.306775756028257046e-02
3.097600835000417428e+05 1.382790295294991298e-02 2.134035959484627959e-02 5.318900661533035312e-02
3.097600934790417086e+05 1.414600288298154505e-02 2.116200965425203348e-02 5.327669706343814149e-02
3.097601034580417327e+05 1.450825792835684983e-02 2.106686625044510569e-02 5.332234544405727722e-02
3.097601134370416985e+05 1.486490458681489699e-02 2.106557167199847938e-02 5.331837585143830993e-02
3.097601234170417301e+05 1.520549340459131753e-02 2.109334900125725207e-02 5.328195753231863147e-02
3.097601333960416960e+05 1.556978625327861548e-02 2.116755804705543545e-02 5.322124027639688060e-02
3.097601433750417200e+05 1.595177114371389496e-02 2.129682893832770749e-02 5.314631467942995680e-02
3.097601533850417472e+05 1.633781930028691334e-02 2.146982646070730999e-02 5.310147957856792278e-02
3.097601633640417131e+05 1.665720475149949295e-02 2.163691191952262990e-02 5.308839545836235851e-02
3.097601733430417371e+05 1.687234793458223386e-02 2.183120310867017744e-02 5.311546911896025680e-02
3.097601833230417105e+05 1.700782982926658110e-02 2.207609675170092711e-02 5.319825750668896736e-02
3.097601933020417346e+05 1.705982477517008905e-02 2.232437934125664630e-02 5.333099869288408790e-02
3.097602032810417004e+05 1.706306319804163155e-02 2.247544478610019950e-02 5.350446528270477037e-02
3.097602132600417244e+05 1.707464585615344269e-02 2.246466837462413740e-02 5.371565370274299783e-02
3.097602232400416979e+05 1.704601418461488063e-02 2.235635471684450926e-02 5.391649658866545791e-02
3.097602332190417219e+05 1.690254821204312252e-02 2.228681024351220410e-02 5.408940048003250262e-02
3.097602431980417459e+05 1.666862103101724932e-02 2.222115340499841024e-02 5.421862958924237447e-02
3.097602531770417118e+05 1.643382980768326798e-02 2.212753036048673710e-02 5.431315645044397511e-02
3.097602631870417390e+05 1.624932922263891411e-02 2.198794333853485578e-02 5.435769960795730493e-02
3.097602731660417048e+05 1.614289808134179716e-02 2.176336013785652029e-02 5.437151035030304835e-02
3.097602831460417365e+05 1.614814377910521806e-02 2.152452942613004502e-02 5.437017116772448200e-02
3.097602931250417023e+05 1.621633524134801288e-02 2.136039880371300159e-02 5.437322036225628041e-02
3.097603031040417263e+05 1.626373467947824641e-02 2.131600084693325778e-02 5.437785566442137480e-02
3.097603130830416922e+05 1.627817774889127322e-02 2.139863676274552859e-02 5.439154493005270846e-02
3.097603230394167476e+05 1.627962305943863458e-02 2.154211062283373224e-02 5.444455812401702288e-02
3.097603330184167135e+05 1.619846622291672839e-02 2.175482146765755562e-02 5.453272300785027421e-02
3.097603429974167375e+05 1.606143033683031865e-02 2.203538751634934525e-02 5.465818522657830969e-02
3.097603529764167033e+05 1.591716216831820171e-02 2.229704911768834105e-02 5.481522599716256994e-02
3.097603629864167306e+05 1.581070964627190323e-02 2.246744915479251953e-02 5.499751637504636526e-02
3.097603729654166964e+05 1.576492643409127883e-02 2.250248792512672680e-02 5.520820835265594084e-02
3.097603829454167280e+05 1.576078420430841731e-02 2.239448348779763537e-02 5.541374545211107810e-02
3.097603929244166939e+05 1.580052131472034493e-02 2.220624122475973322e-02 5.558371983048467774e-02
3.097604029034166597e+05 1.584219922060176033e-02 2.209191233073088192e-02 5.571656727148217164e-02
3.097604128824167419e+05 1.584725788940129915e-02 2.210254186857071868e-02 5.581596571306014776e-02
3.097604228624166572e+05 1.584462782144058918e-02 2.215801549057967376e-02 5.586814338200007252e-02
3.097604328414167394e+05 1.591913057002699097e-02 2.219187239911122461e-02 5.587499928012689548e-02
3.097604428204167052e+05 1.616399939194881549e-02 2.220840415036900647e-02 5.586312164695706600e-02
3.097604527994167292e+05 1.662699419411093130e-02 2.229571922326818376e-02 5.584695581644537332e-02
3.097604628094166983e+05 1.724710414048356497e-02 2.251885710023627737e-02 5.581539351430982177e-02
3.097604727884166641e+05 1.805890493554000026e-02 2.290712336162457896e-02 5.578914934961797661e-02
3.097604827684166958e+05 1.913841879161461493e-02 2.347549572096026618e-02 5.575189737621522729e-02
3.097604927474166616e+05 2.062583729496716284e-02 2.413529190489544646e-02 5.570968960627128985e-02
3.097605027264167438e+05 2.267782030461518161e-02 2.494604476398144116e-02 5.559948578192380059e-02
3.097605127054167097e+05 2.559551122623161812e-02 2.615941137141849712e-02 5.527571444780349924e-02
3.097605226854167413e+05 2.994387616648327977e-02 2.807250751324039464e-02 5.469636687763768101e-02
3.097605326644167071e+05 3.621622051521769525e-02 3.104053989404063907e-02 5.399439054464028748e-02
3.097605426434167312e+05 4.440631740523581783e-02 3.610585858094428335e-02 5.332391646200267815e-02
3.097605526224166970e+05 5.463446813436052818e-02 4.412970861698277403e-02 5.267986476886886427e-02
3.097605626024167286e+05 6.673673920815692551e-02 5.577914449318169959e-02 5.233318451925382531e-02
3.097605726114166901e+05 8.149279263733259782e-02 7.069342488470373165e-02 5.245552637288990183e-02
3.097605825914166635e+05 9.996694489212569479e-02 8.735823685944081596e-02 5.304058663336459756e-02
3.097605925704167457e+05 1.224586061002957832e-01 1.050896583820227215e-01 5.426633047830865114e-02
3.097606025494167116e+05 1.487210358746040850e-01 1.237781968785576087e-01 5.631645359046021093e-02
3.097606125284167356e+05 1.781955788638373561e-01 1.442488188014419692e-01 5.969637747252289073e-02
3.097606225084167090e+05 2.106790902595490900e-01 1.674152994032988562e-01 6.512661113348928998e-02
3.097606324874167331e+05 2.450651442792991241e-01 1.926233708114413745e-01 7.287343342779521727e-02
3.097606424664166989e+05 2.808402912640899918e-01 2.199851200585959399e-01 8.336796354364983674e-02
3.097606524454166647e+05 3.174189877528111325e-01 2.499962088929272019e-01 9.697973062240479447e-02
3.097606624254166964e+05 3.536473290392448399e-01 2.804948345843709112e-01 1.128741509627710915e-01
3.097606724344166578e+05 3.887851114463047875e-01 3.096050371339554297e-01 1.298743114514875063e-01
