1.505113576759999851e+05 -1.137879188309287820e-04 -2.230154027118129987e-04 -4.593807209953120743e-04
1.505113676859999832e+05 -4.513048471555295652e-04 -2.304796418482960702e-04 -7.218754419102311418e-04
1.505113776650000073e+05 -9.433526163522839387e-04 -3.259740109029917051e-05 -9.189678546523066338e-04
1.505113876750000054e+05 -1.398197253612393567e-03 6.659229426918774112e-05 -1.038761048167518176e-03
1.505113976540000003e+05 -1.751490690343022625e-03 -1.495959302686297677e-04 -9.883967133435492703e-04
1.505114076639999985e+05 -2.243870990924899667e-03 -6.993997223894273191e-04 -7.260302476486917142e-04
1.505114176430000225e+05 -3.009039552459924407e-03 -1.080916313818288321e-03 -4.765304413046736508e-04
1.505114276530000207e+05 -3.869285282145328454e-03 -1.398888734730190792e-03 -3.705283808977618588e-04
1.505114376619999821e+05 -4.619844522443445831e-03 -1.713447620476540260e-03 -3.695777695880926909e-04
1.505114476420000137e+05 -5.128398829735802793e-03 -1.905923898699554784e-03 -5.172630299635048870e-04
1.505114576510000043e+05 -5.313761577908589218e-03 -1.966243334565643749e-03 -6.984062533011526708e-04
1.505114676310000068e+05 4.274576252438709242e-03 -7.607736725398999041e-03 -8.994058368486972576e-04
1.505114776399999973e+05 4.472667815535537154e-03 -6.645871971324343250e-03 -9.293575650829644834e-04
1.505114876199999999e+05 -7.281219251370156910e-04 -4.853724154826848623e-03 -8.479581789412148204e-04
1.505114976290000195e+05 -3.465654767984936799e-03 -4.776300292512522701e-03 -7.025186190783480047e-04
1.505115076090000221e+05 -4.526521802718019155e-03 -4.393880005704958389e-03 -4.224044661714155191e-04
1.505115176180000126e+05 -5.142964913855060938e-03 -4.083994975140644960e-03 -8.824712359272615203e-05
1.505115275980000151e+05 -5.316185413585376197e-03 -3.467818482954305569e-03 2.026337759009024973e-04
1.505115376070000057e+05 -5.868957051240462561e-03 -3.859726259695627371e-03 4.899992330980633892e-04
1.505115476170000038e+05 -6.392377865797735023e-03 -3.979902244743841085e-03 7.229895948840604682e-04
1.505115575959999987e+05 -7.261303720839796041e-03 -4.562473194001603026e-03 9.962485289230801726e-04
1.505115676059999969e+05 -8.323928381531160367e-03 -5.361723856035334294e-03 1.455361421916274338e-03
1.505115775850000209e+05 -9.001445922508181235e-03 -6.149580469105165280e-03 2.151272170093814981e-03
1.505115875950000191e+05 -9.195806227687459977e-03 -6.948977220757653755e-03 2.850321110729664865e-03
1.505115975740000140e+05 -9.494685556679654734e-03 -6.762668560888950194e-03 3.208845411585602072e-03
1.505116075839999830e+05 -9.238479984818793317e-03 -5.708776120568764649e-03 3.122727997754824129e-03
1.505116175630000071e+05 -8.424152638922207531e-03 -4.523551720082544594e-03 2.852644743642381280e-03
1.505116275730000052e+05 -7.212503002337082234e-03 -3.756315293595300069e-03 2.680612069913045591e-03
1.505116375520000001e+05 -6.042772968569742713e-03 -3.444270544696022372e-03 2.686394480811115683e-03
1.505116475619999983e+05 -4.929232363530660840e-03 -3.363213178035770468e-03 2.833303956088034387e-03
1.505116575719999964e+05 -4.158883153704472264e-03 -3.238219116922447065e-03 3.097256701939475783e-03
1.505116675510000205e+05 -4.099278691070324700e-03 -2.747255631148939198e-03 3.385794510807862284e-03
1.505116775610000186e+05 -4.550859913796246985e-03 -2.557690546163967401e-03 3.675865462732297740e-03
1.505116875400000135e+05 -5.088641245626207392e-03 -2.375449800140826823e-03 4.019166335440093468e-03
1.505116975500000117e+05 -5.288310135037314723e-03 -2.468391913405388986e-03 4.252197109256413907e-03
1.505117075290000066e+05 -5.408372093360285481e-03 -2.723231063724723417e-03 4.367020227406482637e-03
1.505117175390000048e+05 -5.594345224930346618e-03 -3.013872826047886682e-03 4.460580593501905187e-03
1.505117275179999997e+05 -5.601357635154145809e-03 -3.100986460345914186e-03 4.645151824913486618e-03
1.505117375279999978e+05 -5.479030320194129208e-03 -3.075847622586936909e-03 4.964707757821037321e-03
1.505117475070000219e+05 -5.400996454700757003e-03 -2.999882560680062864e-03 5.364383867790456159e-03
1.505117575170000200e+05 -5.269237037655351459e-03 -3.045708318240086462e-03 5.786077303361065148e-03
1.505117675270000182e+05 -5.220622436145859295e-03 -3.247205604977197648e-03 6.193129005300519914e-03
1.505117775059999840e+05 -5.211856724820125748e-03 -3.209804046039431077e-03 6.532839454277353936e-03
1.505117875160000112e+05 -5.398161179173359588e-03 -2.961114258637178448e-03 6.866285677522131030e-03
1.505117974950000062e+05 -5.546593332754418473e-03 -2.885435523407651852e-03 7.349151706787995265e-03
1.505118075050000043e+05 -5.596119049817798417e-03 -3.016820341329105523e-03 7.968645168721626842e-03
1.505118174839999992e+05 -5.656471607375383216e-03 -2.964821054488810028e-03 8.524940886544686569e-03
1.505118274939999974e+05 -5.495306255917199907e-03 -2.863875427171658824e-03 9.008005690793045514e-03
1.505118374730000214e+05 -5.151209650023158039e-03 -2.806898774707507725e-03 9.423112339235465221e-03
1.505118474830000196e+05 -4.947513599587579844e-03 -2.693329854450414885e-03 9.833324637257575759e-03
1.505118574619999854e+05 -5.018730774886522895e-03 -2.759889776351542260e-03 1.022783178961904696e-02
1.505118674720000126e+05 -5.074415268235550613e-03 -3.222588561213576234e-03 1.073348105890476259e-02
1.505118774819999817e+05 -5.163609001834814846e-03 -4.044184883372874129e-03 1.127724333480919529e-02
1.505118874609999766e+05 -5.409075190160225408e-03 -4.895895067556613883e-03 1.173924528180884594e-02
1.505118974710000039e+05 -5.668228444790850834e-03 -5.339239835497790708e-03 1.205760470661150149e-02
1.505119074499999988e+05 -5.856825156528319351e-03 -5.627822324519225934e-03 1.222535143884007601e-02
1.505119174599999969e+05 -5.786123168999052387e-03 -5.877737175480380293e-03 1.229012558523270154e-02
1.505119274390000210e+05 -5.224422036714762574e-03 -6.233586676237998052e-03 1.227565017259660621e-02
1.505119374490000191e+05 -4.417466136201681111e-03 -6.575632442070408583e-03 1.223174896544688625e-02
1.505119474279999849e+05 -3.854280069485767259e-03 -6.899573237339616701e-03 1.228143885226998071e-02
1.505119574380000122e+05 -3.510571259962635277e-03 -7.112794090981881291e-03 1.235746916934839582e-02
1.505119674170000071e+05 -3.330927694468227736e-03 -7.179010334072916458e-03 1.247545646732800897e-02
1.505119774270000053e+05 -3.397314290955905439e-03 -6.984163493275788968e-03 1.255377363178820926e-02
1.505119874359999958e+05 -3.464354541691991394e-03 -6.701486654446202514e-03 1.251108098159446104e-02
1.505119974159999983e+05 -3.250670223141462114e-03 -6.327226834598268131e-03 1.236592376713505602e-02
1.505120074250000180e+05 -2.899778047275450472e-03 -6.037601649550783031e-03 1.211748938415540405e-02
1.505120174050000205e+05 -2.461946987481325021e-03 -6.041930061412443750e-03 1.185878619611598767e-02
1.505120274150000187e+05 -1.913477038713493799e-03 -6.339615711114263662e-03 1.184557043885732866e-02
1.505120373940000136e+05 -1.234864949383718356e-03 -6.771459200847177937e-03 1.212422294720730612e-02
1.505120474039999826e+05 -7.532190190584810976e-04 -6.974938764930775810e-03 1.249408773949613020e-02
1.505120573830000067e+05 -5.046272445920501780e-04 -7.038534319423315859e-03 1.276915698913563303e-02
1.505120673930000048e+05 -4.012641174359471148e-04 -7.122690807575299266e-03 1.307624290323744672e-02
1.505120773719999997e+05 -3.494384714711449322e-04 -7.247692797205621852e-03 1.337107199047442123e-02
1.505120873819999979e+05 -2.306595260811356875e-04 -7.604146605346711121e-03 1.349932365441750340e-02
1.505120973910000175e+05 -3.128297844563885153e-05 -8.024963751118488128e-03 1.339710761965806629e-02
1.505121073710000201e+05 2.027452073493397290e-05 -8.192316929048390137e-03 1.318055982184707271e-02
1.505121173799999815e+05 -9.310688970087541779e-05 -8.065367118648686731e-03 1.293462324593991873e-02
1.505121273599999840e+05 -1.261891089746524568e-04 -7.741956404471343929e-03 1.272003544651658172e-02
1.505121373690000037e+05 1.318121905184238091e-05 -7.285621236421314754e-03 1.257880031787089216e-02
1.505121473490000062e+05 1.486996354955913110e-04 -6.821953028895441119e-03 1.248877183454737486e-02
1.505121573579999967e+05 2.221340474824188465e-04 -6.459701820154440874e-03 1.251198272419563710e-02
1.505121673230000015e+05 1.992907557644207699e-04 -6.326679994137250802e-03 1.266591819365580317e-02
1.505121773320000211e+05 -1.786327683381994130e-05 -6.267113658603822024e-03 1.287260597044191830e-02
1.505121873120000237e+05 -4.630482541726411343e-04 -6.079645800141210074e-03 1.307267649205062256e-02
1.505121973210000142e+05 -8.280309063806559665e-04 -5.830134624659567832e-03 1.322205846676143340e-02
1.505122073309999832e+05 -1.038351744913303207e-03 -5.681490232208603885e-03 1.339275912803202309e-02
1.505122173099999782e+05 -1.073499503907005860e-03 -5.789626925333548474e-03 1.360879834257625043e-02
1.505122273200000054e+05 -1.039103847492335846e-03 -5.754917969414023900e-03 1.379119269474393498e-02
1.505122372990000003e+05 -1.254461635125371250e-03 -5.563532507084538795e-03 1.391735775498853522e-02
1.505122473089999985e+05 -1.624730211227191565e-03 -5.176004637523602160e-03 1.405056402004690834e-02
1.505122572880000225e+05 -2.087438453291820366e-03 -4.806820888395659831e-03 1.424515766475881531e-02
1.505122672980000207e+05 -2.661421326849921880e-03 -4.764541924470812144e-03 1.451509008402079685e-02
1.505122772770000156e+05 -3.275701230821863579e-03 -5.127611862881382467e-03 1.472553036702614788e-02
1.505122872869999846e+05 -3.797153002986956329e-03 -5.742954012544020277e-03 1.491744990727083935e-02
1.505122972660000087e+05 -4.185892205120037360e-03 -6.382627571825879274e-03 1.507933882320915304e-02
1.505123072760000068e+05 -4.536399571953940793e-03 -6.869142090363497023e-03 1.521892691535524887e-02
1.505123172550000018e+05 -4.775317667948350553e-03 -7.129099732550917348e-03 1.535077744231460456e-02
1.505123272649999999e+05 -5.028883845752347981e-03 -7.284397844864788987e-03 1.548544729243074569e-02
1.505123372749999980e+05 -5.172195925132752614e-03 -7.379920130012418249e-03 1.568248800297789361e-02
1.505123472540000221e+05 -5.394016746920800992e-03 -7.452084048675147558e-03 1.589785604108191752e-02
1.505123572640000202e+05 -5.579267423455531658e-03 -7.347878533428902140e-03 1.611397073123208012e-02
1.505123672430000152e+05 -5.724567301972268221e-03 -7.433498133750320036e-03 1.624179935811988912e-02
1.505123772529999842e+05 -6.042671339907835712e-03 -7.840695837838399310e-03 1.624202359077417737e-02
1.505123872319999791e+05 -6.638188605864750458e-03 -8.401437305604322545e-03 1.601213611345322224e-02
1.505123972420000064e+05 -7.277844576680024373e-03 -8.715466233079227631e-03 1.550359520136723734e-02
1.505124072210000013e+05 -7.617196552765078191e-03 -8.588990274991239321e-03 1.486973207837821026e-02
1.505124172309999994e+05 -7.468011522163774119e-03 -8.452633511820151560e-03 1.436747645567933510e-02
1.505124272100000235e+05 -6.720224101197532461e-03 -8.427431154784448264e-03 1.413923986077313989e-02
1.505124372200000216e+05 -5.513956687074230388e-03 -8.341414658254027795e-03 1.407514975180422512e-02
1.505124472300000198e+05 -4.101784400016959473e-03 -8.096132930754368351e-03 1.404572126298848228e-02
1.505124572089999856e+05 -2.910062920339626710e-03 -8.025561986121030819e-03 1.399888321000646550e-02
1.505124672190000128e+05 -2.050675531045026596e-03 -8.240785116141961103e-03 1.408564273276812460e-02
1.505124771980000078e+05 -1.629480204793178717e-03 -8.666263002229390722e-03 1.440820550774290359e-02
1.505124872080000059e+05 -1.636244818952344113e-03 -9.189624771644176043e-03 1.476044497935444406e-02
1.505124971870000008e+05 -1.906366293639946393e-03 -9.643042479622884050e-03 1.491277215295235339e-02
1.505125071969999990e+05 -2.469926418227023218e-03 -1.002937165011301077e-02 1.501247053553377356e-02
1.505125171760000230e+05 -3.256022408492554362e-03 -1.012146944982523361e-02 1.528320657159552495e-02
1.505125271860000212e+05 -4.193304453705548954e-03 -9.978308341613137053e-03 1.559593606729847010e-02
1.505125371650000161e+05 -5.042790350493583929e-03 -9.858505195892040482e-03 1.596582573355134066e-02
1.505125471750000142e+05 -5.532849419812066460e-03 -9.809275620480617519e-03 1.635468714160945303e-02
1.505125571849999833e+05 -5.582117593076936675e-03 -9.640525889742226559e-03 1.666426677722702282e-02
1.505125671640000073e+05 -5.302757737818832029e-03 -9.409851719733077283e-03 1.685560027361546545e-02
1.505125771740000055e+05 -4.779977837878559427e-03 -9.169821656279992031e-03 1.697795047890978543e-02
1.505125871530000004e+05 -4.192608685429801037e-03 -9.076721027603519565e-03 1.714502207617100635e-02
1.505125971629999985e+05 -3.849039551755098054e-03 -9.493928224429704424e-03 1.751606390211053396e-02
1.505126071420000226e+05 -3.872836490783369400e-03 -1.014747290213239075e-02 1.802915496036069584e-02
1.505126171520000207e+05 -4.310320651049162795e-03 -1.084982688800423777e-02 1.865514710051609237e-02
1.505126271310000157e+05 -5.142736648486018539e-03 -1.154808566622792659e-02 1.926166913133300906e-02
1.505126371410000138e+05 -6.286556771050165991e-03 -1.235138419042058726e-02 1.984697727910351983e-02
1.505126471200000087e+05 -7.443465261522171778e-03 -1.330160266659284607e-02 2.036160276775433181e-02
1.505126571300000069e+05 -8.385146597657518533e-03 -1.410500987670383621e-02 2.080955034870893283e-02
1.505126671400000050e+05 -9.165489261790216863e-03 -1.478878721463681989e-02 2.100317938400327392e-02
1.505126771189999999e+05 -1.003704027085546881e-02 -1.553475418078771250e-02 2.105257066318314343e-02
1.505126871289999981e+05 -1.090272839101284752e-02 -1.657573611777786796e-02 2.121668030558827855e-02
1.505126971080000221e+05 -1.172429702492112577e-02 -1.809527991280246093e-02 2.171764810083978009e-02
1.505127071180000203e+05 -1.274396515752723377e-02 -2.015136188068483367e-02 2.265840917307277227e-02
1.505127170970000152e+05 -1.441942577444262248e-02 -2.273857400777292218e-02 2.410150430478877337e-02
1.505127271069999842e+05 -1.719315764212470121e-02 -2.578627417751021972e-02 2.603360484687525234e-02
1.505127370859999792e+05 -2.200755727601020825e-02 -2.939098150136966112e-02 2.858038904999252866e-02
1.505127470960000064e+05 -2.962479745356041971e-02 -3.326698155143859026e-02 3.201265306932483262e-02
1.505127570750000014e+05 -3.969622277973321872e-02 -3.712331691772603748e-02 3.611528139989285402e-02
1.505127670849999995e+05 -5.185481564292082624e-02 -4.142416568669265303e-02 4.086663788741724812e-02
1.505127770940000191e+05 -6.587929388554047971e-02 -4.637447951601346430e-02 4.615512151793088602e-02
1.505127870740000217e+05 -8.203050014376829513e-02 -5.158875093554619873e-02 5.209307304213949691e-02
1.505127970829999831e+05 -1.004927599450426423e-01 -5.693877844229641022e-02 5.876451198422252137e-02
1.505128070629999856e+05 -1.217872768065753203e-01 -6.262465722187482431e-02 6.610072059319666016e-02
1.505128170720000053e+05 -1.466303386997950819e-01 -6.873705471257902933e-02 7.468183807860949430e-02
1.505128270520000078e+05 -1.749254403272333669e-01 -7.498559650147476607e-02 8.474874154652208003e-02
1.505128370609999984e+05 -2.064518357932499104e-01 -8.099118341974695379e-02 9.608620961991454212e-02
1.505128470410000009e+05 -2.402169602169662022e-01 -8.632669391461679498e-02 1.080357686691390678e-01
1.505128570500000205e+05 -2.751896223412348963e-01 -9.054575118573830739e-02 1.197044611295002420e-01
1.505128670300000231e+05 -3.107662515857857466e-01 -9.588912884898764810e-02 1.309709796008007021e-01
1.505128770390000136e+05 -3.453520527740024937e-01 -1.032699464862412986e-01 1.421608795038025175e-01
1.505128870490000118e+05 -3.771715692126780262e-01 -1.103035125040974784e-01 1.530884238190916291e-01
1.505128970280000067e+05 -4.057460215831849015e-01 -1.146194974449504383e-01 1.625930778858285519e-01
1.505129070380000048e+05 -4.315531699608882721e-01 -1.170127353132423415e-01 1.710019547489624869e-01
1.505129170169999998e+05 -4.542193576959320800e-01 -1.182982035395824943e-01 1.783794141895980456e-01
1.505129270269999979e+05 -4.735148242138735863e-01 -1.184475940810690714e-01 1.844715612597965515e-01
1.505129370060000219e+05 -4.892897844314798017e-01 -1.175998587875250745e-01 1.893293512199671624e-01
