3.096967978456667042e+05 -4.043827424378563379e-02 -6.922959034211327578e-03 1.832227910831276882e-02
3.096968078246667283e+05 -4.039821129088195378e-02 -7.026269102126848562e-03 1.830358149375930013e-02
3.096968178036666941e+05 -4.031464150655025142e-02 -7.100321745680711338e-03 1.830812887718453325e-02
3.096968277836667257e+05 -4.018160875674182952e-02 -7.228176651123981340e-03 1.837863247744142212e-02
3.096968377626666916e+05 -4.006272040957974817e-02 -7.314850284415950338e-03 1.849272058756452550e-02
3.096968477726666606e+05 -4.001962109225655484e-02 -7.268811002997452135e-03 1.860124022357503848e-02
3.096968577516667428e+05 -4.006013890262105637e-02 -7.136551605140474715e-03 1.868012290096413702e-02
3.096968677306667087e+05 -4.018086122365811114e-02 -7.094502193406585812e-03 1.874453238546030034e-02
3.096968777096667327e+05 -4.037341168244885231e-02 -7.111827380077468883e-03 1.878528807333040493e-02
3.096968876896667061e+05 -4.062156564267253855e-02 -7.081177662054590101e-03 1.877098533081672169e-02
3.096968976686667302e+05 -4.082324655468785174e-02 -7.077597683051261961e-03 1.872970829709300067e-02
3.096969076476666960e+05 -4.091673561610240789e-02 -7.192174376806501762e-03 1.867843709271095609e-02
3.096969176266666618e+05 -4.092906972682459898e-02 -7.352617431476952785e-03 1.860819563788959630e-02
3.096969276066666935e+05 -4.084863394330100900e-02 -7.381387222557654268e-03 1.854597990891871523e-02
3.096969375856666593e+05 -4.061202309633434038e-02 -7.275731731576137902e-03 1.848415244335894353e-02
3.096969475646667415e+05 -4.021030056607115960e-02 -7.142005586728610890e-03 1.841750599948347236e-02
3.096969575436667074e+05 -3.969784062124603191e-02 -7.042514148534846467e-03 1.835346684248101434e-02
3.096969675536667346e+05 -3.910368501625331034e-02 -7.087121385324246514e-03 1.831958614320502651e-02
3.096969775326667004e+05 -3.849073891862647701e-02 -7.272054993228428341e-03 1.835414565757579469e-02
3.096969875126667321e+05 -3.794151536095795307e-02 -7.586108142189288382e-03 1.843926896037408752e-02
3.096969974916666979e+05 -3.765451974271489394e-02 -7.830113806960720124e-03 1.850859065417035168e-02
3.096970074706666637e+05 -3.766016498617928004e-02 -7.868822646845387292e-03 1.856145483131738452e-02
3.096970174496667460e+05 -3.788722113788847712e-02 -7.787073416973533217e-03 1.857401450942160540e-02
3.096970274296666612e+05 -3.822850590655745701e-02 -7.731327261113097801e-03 1.852829644566789113e-02
3.096970374086667434e+05 -3.855088610151117395e-02 -7.804811888734509637e-03 1.842882409531111307e-02
3.096970473876667093e+05 -3.876761873157054394e-02 -7.985258577196991878e-03 1.828022105250004525e-02
3.096970573666667333e+05 -3.889796008547573986e-02 -8.050242303844464334e-03 1.805528028957386136e-02
3.096970673466667067e+05 -3.898031550219954733e-02 -7.937809466648954385e-03 1.778386472640724678e-02
3.096970773256667308e+05 -3.907708689371169886e-02 -7.774331514009509211e-03 1.749872958291245201e-02
3.096970873356666998e+05 -3.919063952858149041e-02 -7.831974192284615541e-03 1.722815923108386368e-02
3.096970973146667238e+05 -3.926747547213673556e-02 -8.151085742769783801e-03 1.702420006627118620e-02
3.096971072936666897e+05 -3.934018526488172046e-02 -8.438870086264604192e-03 1.687050163862000365e-02
3.096971172726667137e+05 -3.942031345667575126e-02 -8.498241510502843252e-03 1.676363978319798942e-02
3.096971272526667453e+05 -3.948619857369482095e-02 -8.437518105463379103e-03 1.673237593847056587e-02
3.096971372316667112e+05 -3.951019353140391294e-02 -8.413294693123459650e-03 1.677327891397464854e-02
3.096971472106667352e+05 -3.947929048131817303e-02 -8.439592181438001009e-03 1.683725390061493327e-02
3.096971571896667010e+05 -3.940110573802603489e-02 -8.438485833967241528e-03 1.690020124300328080e-02
3.096971671696667327e+05 -3.931904142257836021e-02 -8.383211526034974048e-03 1.693051794810589844e-02
3.096971771486666985e+05 -3.926819114080688788e-02 -8.320937974588294220e-03 1.690457081801189504e-02
3.096971871276666643e+05 -3.925104080128068856e-02 -8.304306622287127224e-03 1.682022371261868501e-02
3.096971971376666916e+05 -3.925979208447351321e-02 -8.276986999179202983e-03 1.667602088726073684e-02
3.096972071166666574e+05 -3.924092353920256154e-02 -8.257625449417754088e-03 1.648709291161544466e-02
3.096972170956667396e+05 -3.920876295923861332e-02 -8.263210365884477229e-03 1.626234057096429333e-02
3.096972270756667131e+05 -3.911252430010854486e-02 -8.280273033883832692e-03 1.601925655029176263e-02
3.096972370546667371e+05 -3.899833277204823451e-02 -8.289981749239073647e-03 1.579841930962024021e-02
3.096972470336667029e+05 -3.891919537082952352e-02 -8.228747798097792512e-03 1.561157521494388814e-02
3.096972570126667270e+05 -3.896436617640441219e-02 -8.090186525134157591e-03 1.549250744702045969e-02
3.096972669693750213e+05 -3.930901794588936154e-02 -7.968273468663616271e-03 1.547340336750626863e-02
3.096972769483750453e+05 -4.015594164448933745e-02 -7.909256930109262104e-03 1.556167182401507754e-02
3.096972869273750111e+05 -4.187689627331327852e-02 -7.699469343585480831e-03 1.580252107601315403e-02
3.096972969063750352e+05 -4.512130047250064585e-02 -6.433507673149129087e-03 1.618327775704566165e-02
3.096973068863750086e+05 -5.081945042251440059e-02 -2.611452592196334289e-03 1.661796677178101200e-02
3.096973168953750283e+05 -5.996783197258694770e-02 5.066442503573010542e-03 1.691423862449529733e-02
3.096973268753750017e+05 -7.340191221754595319e-02 1.645172000135338916e-02 1.684153610097587073e-02
3.096973368543750257e+05 -9.176623154754755263e-02 3.012281493298830937e-02 1.601535037573338302e-02
3.096973468333749915e+05 -1.151714294634508112e-01 4.446125568335811823e-02 1.423661333175232392e-02
3.096973568123750156e+05 -1.430486820489539068e-01 5.866815159799378815e-02 1.169663337167887660e-02
3.096973667923750472e+05 -1.752208533977247518e-01 7.245183624946020806e-02 8.231427461190233066e-03
3.096973767713750130e+05 -2.107251504568871669e-01 8.428695815768655342e-02 4.274855675686258828e-03
3.096973867503750371e+05 -2.492345396667879354e-01 9.145763437680530517e-02 1.199681826476339374e-03
3.096973967293750029e+05 -2.900287529024324074e-01 9.518368131380167130e-02 -1.178303880932396377e-03
3.096974067093750346e+05 -3.326163046427109693e-01 9.834438245465304540e-02 -3.647572808724363052e-03
3.096974166883750004e+05 -3.766849556251262721e-01 1.017483772596348979e-01 -6.427925694718698499e-03
3.096974266673750244e+05 -4.222778879039899569e-01 1.045457240123470050e-01 -9.489917245052411146e-03
3.096974366773749935e+05 -4.696386843262788102e-01 1.057623754588142839e-01 -1.203068595195987307e-02
3.096974466563750175e+05 -5.178052078304641315e-01 1.054780250779342593e-01 -1.371550358369683607e-02
3.096974566353750415e+05 -5.656236655871746954e-01 1.048709246504522796e-01 -1.458544725195747710e-02
